16952 26466 12996 22668 11316 19118 15854 16305 19081 17664
21080 20607 31533 20237 27983 16707 30518 27127 23244 25979
29840 23694 26609 27910 25746 22083 27132 30763 14106 12648
27516 21015 26455 35943 40650 19297 24627 27854 24557 25977
21584 32556 16025 28859 30242 21840 16712 30241 21982 26946
19699 18192 18852 20120 20457 14707 19873 21936 24156 16286
24681 26852 28523 16942 25200 36731 26153 25424 29898 18956
21799 22562 12867 17712 24870 17395 20668 26493 20390 16114
33711 16039 19025 32291 20300 28564 29412 24240 26395 23799
24033 24788 21297 23903 20411 22859 28680 28903 18798 19577
